toto <- 1:10